Global fit: Om=0.3685, M=-0.0842, chi2_red=0.418
Beam mode: equ_ra, radius=15.0 deg, A-J=1pz

Top by |S/N(A)|:
  coord=4.00  N=33  A=-0.74431±0.03064  S/N=-24.29  Δχ²=4.55  p=0.03299402937405356
  coord=10.00  N=37  A=-0.70944±0.02972  S/N=-23.87  Δχ²=4.19  p=0.04067870566882889
  coord=8.00  N=37  A=-0.70944±0.02972  S/N=-23.87  Δχ²=4.19  p=0.04067870566882889
  coord=6.00  N=35  A=-0.72063±0.03035  S/N=-23.74  Δχ²=4.25  p=0.03928852612486171
  coord=342.00  N=47  A=+0.74175±0.04051  S/N=18.31  Δχ²=3.25  p=0.07153059113545886
  coord=12.00  N=35  A=-0.68871±0.04427  S/N=-15.56  Δχ²=2.07  p=0.15015236861212808
  coord=334.00  N=46  A=+0.64754±0.04691  S/N=13.80  Δχ²=1.79  p=0.18119644421298164
  coord=338.00  N=46  A=+0.64754±0.04691  S/N=13.80  Δχ²=1.79  p=0.18119644421298164
  coord=336.00  N=46  A=+0.64754±0.04691  S/N=13.80  Δχ²=1.79  p=0.18119644421298164
  coord=326.00  N=46  A=+0.64754±0.04691  S/N=13.80  Δχ²=1.79  p=0.18119644421298164

Top by Δχ²:
  coord=4.00  N=33  A=-0.74431±0.03064  S/N=-24.29  Δχ²=4.55  p=0.03299402937405356
  coord=6.00  N=35  A=-0.72063±0.03035  S/N=-23.74  Δχ²=4.25  p=0.03928852612486171
  coord=8.00  N=37  A=-0.70944±0.02972  S/N=-23.87  Δχ²=4.19  p=0.04067870566882889
  coord=10.00  N=37  A=-0.70944±0.02972  S/N=-23.87  Δχ²=4.19  p=0.04067870566882889
  coord=342.00  N=47  A=+0.74175±0.04051  S/N=18.31  Δχ²=3.25  p=0.07153059113545886
  coord=12.00  N=35  A=-0.68871±0.04427  S/N=-15.56  Δχ²=2.07  p=0.15015236861212808
  coord=334.00  N=46  A=+0.64754±0.04691  S/N=13.80  Δχ²=1.79  p=0.18119644421298164
  coord=338.00  N=46  A=+0.64754±0.04691  S/N=13.80  Δχ²=1.79  p=0.18119644421298164
  coord=336.00  N=46  A=+0.64754±0.04691  S/N=13.80  Δχ²=1.79  p=0.18119644421298164
  coord=326.00  N=46  A=+0.64754±0.04691  S/N=13.80  Δχ²=1.79  p=0.18119644421298164
